[[[206 211 217 224 223]               [206 189 208], []
  [221 220 217 214 220]
  [228 226 217 209 216]
  [224 223 220 217 213]
  [221 217 220 223 218]]

 [[189 194 202 209 208]
  [202 203 200 197 205]
  [209 207 198 190 199]
  [202 201 198 195 194]
  [196 193 196 199 196]]

 [[208 213 221 228 227]
  [222 222 219 216 224]
  [229 227 218 210 218]
  [223 222 219 216 214]
  [218 215 218 221 217]]]

[[[206 211 217 224 223]
  [221 220 217 214 220]
  [228 226 217 209 216]
  [224 223 220 217 213]
  [221 217 220 223 218]]

 [[189 194 202 209 208]
  [202 203 200 197 205]
  [209 207 198 190 199]
  [202 201 198 195 194]
  [196 193 196 199 196]]

 [[208 213 221 228 227]
  [222 222 219 216 224]
  [229 227 218 210 218]
  [223 222 219 216 214]
  [218 215 218 221 217]]]